94
80
73
93
95
68
58
77
71
80
82
85
91
86
78
78
78
92
82
84
89
78
81
92
82
74
72
75
83
74
79
65
66
73
78
74
71
78
75
72
72
81
63
92
63
70
75
89
86
75
63
97
92
65
86
51
65
88
77
73
87
55
89
66
63
89
85
83
82
90
72
66
69
91
67
62
64
66
98
65
71
72
81
62
74
87
82
52
88
58
64
73
82
68
92
90
71
90
67
86
79
76
67
81
77
80
55
69
79
68
85
86
78
92
61
84
59
84
65
60
95
78
61
54
78
86
93
83
85
82
94
79
61
77
83
75
73
79
66
77
74
80
79
83
83
80
80
68
77
77
73
91
63
80
87
83
70
80
69
95
70
73
70
91
85
88
83
81
74
86
77
68
68
70
81
90
86
92
83
84
77
63
85
78
52
80
79
74
64
90
68
77
94
96
85
90
86
91
68
87
71
73
70
78
70
92
87
84
73
71
81
85
84
71
66
81
75
82
80
81
62
86
91
56
79
67
96
66
79
69
91
87
65
78
63
80
75
70
70
90
77
92
80
84
63
90
80
78
86
68
66
68
77
72
85
86
81
85
59
80
83
88
81
83
71
50
87
70
70
84
88
94
82
66
83
94
85
92
61
74
68
81
93
72
92
84
84
79
87
72
78
83
77
69
83
54
81
77
78
87
84
71
81
64
65
89
64
74
91
86
83
92
84
73
67
85
50
72
66
87
87
96
86
83
95
88
73
85
83
99
63
88
73
59
75
54
65
65
81
80
82
79
66
81
65
79
85
71
60
68
65
77
70
81
70
92
72
78
84
82
70
86
83
86
70
86
80
72
88
48
89
89
80
82
93
77
91
72
77
85
76
67
90
74
90
60
90
93
80
76
79
64
66
76
92
87
88
87
85
67
85
81
79
72
88
75
62
89
70
72
77
67
68
74
69
83
89
69
90
91
86
80
84
59
57
64
72
87
77
88
51
79
86
69
64
83
79
91
92
73
75
90
66
69
83
83
93
73
76
94
81
66
85
83
78
73
88
87
83
74
89
87
81
90
60
81
82
90
72
77
92
86
66
49
96
67
84
90
59
71
90
81
55
76
77
88
67
94
78
83
70
71
64
67
79
83
77
83
90
73
62
69
98
80
65
64
89
77
77
69
92
70
86
83
84
90
61
46
95
72
92
61
71
92
79
85
88
75
84
74
90
65
65
90
79
75
85
63
82
85
72
95
70
66
65
80
63
85
77
40
91
88
78
71
79
92
74
73
83
73
86
88
77
75
86
92
87
87
86
88
85
76
70
58
86
74
88
79
85
86
76
81
79
66
92
88
83
83
90
75
72
78
63
87
68
75
62
62
58
92
83
89
84
84
68
80
80
79
87
68
95
77
87
76
73
68
90
69
68
67
80
84
87
86
82
86
73
88
92
82
69
96
93
66
93
87
77
62
76
64
58
85
85
80
75
66
80
88
96
89
66
86
73
72
66
67
65
73
66
95
72
70
77
89
87
76
92
74
86
77
64
74
64
90
68
79
71
93
89
82
84
81
91
65
94
59
80
75
87
82
79
61
67
85
84
72
65
61
86
65
75
61
82
87
69
66
77
66
88
70
79
71
91
71
86
69
93
76
77
66
72
57
88
89
81
82
83
83
85
61
63
81
73
66
71
66
67
75
67
82
74
83
95
86
75
67
83
91
85
75
77
68
73
86
90
72
80
85
74
76
80
74
85
85
89
82
95
78
82
78
74
88
93
83
79
74
82
68
83
75
92
57
78
75
89
94
85
80
91
93
90
81
66
74
77
72
86
70
75
85
58
62
89
77
88
80
67
87
66
68
61
64
78
86
80
63
90
84
64
85
82
79
67
55
66
80
67
83
88
80
72
74
86
82
79
76
73
73
79
84
64
69
78
87
64
85
74
70
68
86
76
78
81
95
88
66
76
82
74
63
83
82
77
68
97
66
56
81
77
89
65
74
81
92
89
67
88
88
92
78
75
66
78
89
92
69
62
78
84
95
89
75
54
64
82
69
70
60
74
85
58
82
68
74
59
73
77
81
76
81
66
79
70
65
88
80
85
91
81
78
92
70
76
64
66
81
86
91
78
90
85
93
83
84
85
73
87
72
88
87
66
83
60
72
75
74
57
83
90
65
72
76
70
92
69
77
90
77
70
82
73
82
92
88
85
82
77
64
82
80
88
67
84
