91
71
82
68
79
80
79
88
68
83
80
79
82
78
79
90
94
71
57
55
85
93
83
89
73
85
87
83
72
77
83
84
89
65
53
83
86
91
72
94
83
69
88
69
83
63
86
73
82
76
84
91
72
80
91
68
63
65
74
77
82
85
70
59
57
69
88
68
88
88
71
74
91
65
81
83
70
80
83
79
67
77
80
88
66
88
75
61
71
61
73
87
95
86
81
81
53
89
83
89
76
73
86
75
82
59
77
72
72
80
95
83
96
67
82
61
91
81
88
77
64
88
70
85
76
84
65
74
92
60
87
67
78
91
84
78
79
88
75
72
76
79
94
83
90
73
81
97
86
54
86
86
87
73
64
83
85
95
73
72
91
81
77
78
71
80
84
69
88
78
82
86
74
63
79
88
75
80
66
67
74
67
83
73
87
86
78
96
78
86
86
79
79
74
71
89
84
62
86
86
75
88
71
92
80
84
86
58
79
70
77
66
83
86
57
68
68
82
80
81
83
87
69
78
70
88
78
84
83
64
86
60
89
68
71
94
90
58
84
73
92
90
82
82
89
67
76
85
70
65
85
76
89
89
66
68
63
67
92
90
88
81
67
66
65
91
76
90
88
92
84
78
68
76
69
81
83
75
76
66
74
90
75
79
78
57
65
70
69
61
81
82
72
76
58
74
73
69
80
62
76
92
65
86
72
65
75
77
57
74
65
75
78
59
67
74
68
60
73
84
62
72
80
79
64
87
69
74
64
79
94
93
80
60
87
81
58
63
87
72
84
86
68
72
67
73
95
65
79
94
93
73
74
66
77
72
81
74
72
91
48
63
70
59
82
71
90
55
86
79
64
68
93
66
69
87
74
67
80
78
79
90
48
81
71
76
84
80
76
88
70
68
93
79
71
82
73
83
71
82
58
74
79
68
58
71
84
78
81
79
86
75
81
54
74
62
65
95
88
66
76
95
89
56
59
66
84
86
65
73
76
69
73
70
78
84
59
76
84
88
84
68
74
82
95
82
75
87
90
84
63
69
94
66
83
68
92
83
67
89
78
86
82
87
84
85
85
78
82
85
81
95
78
63
80
58
90
93
81
80
93
95
78
58
95
32
75
77
92
81
92
63
57
88
71
74
55
75
76
55
64
83
81
85
68
71
93
85
72
62
58
67
91
85
80
78
71
84
93
80
63
63
94
96
85
69
83
84
69
69
90
86
84
79
77
81
74
73
81
81
85
74
66
89
85
63
78
78
76
78
75
78
74
95
67
88
93
70
74
65
92
83
74
82
74
81
51
87
77
55
96
90
68
78
68
69
53
80
88
83
83
52
89
77
78
84
80
91
86
77
72
86
78
55
77
79
61
58
91
89
85
78
90
89
78
76
82
69
86
62
71
66
80
76
90
96
94
68
70
88
86
61
83
83
91
92
82
81
82
74
76
82
66
88
77
81
83
81
71
90
77
88
84
73
77
79
79
62
50
61
84
79
94
77
88
61
77
77
61
65
76
82
81
78
80
82
78
76
72
81
86
83
93
90
69
76
80
87
64
61
87
63
87
78
82
58
93
82
85
84
70
55
87
74
87
62
77
86
66
69
69
81
80
90
57
90
64
91
81
88
65
77
96
68
80
85
83
78
71
86
76
61
82
75
67
89
86
92
63
80
85
87
91
69
87
75
90
75
92
73
84
59
56
86
86
69
74
86
79
51
56
94
87
82
78
68
80
83
67
80
78
80
73
73
80
69
79
69
63
75
82
77
69
68
87
89
80
68
68
85
75
78
94
80
91
53
76
63
62
68
89
84
75
84
77
64
90
72
93
84
66
88
71
75
84
78
81
58
85
77
76
63
85
66
65
89
85
74
61
71
87
80
87
87
68
71
86
63
81
78
87
86
55
70
91
74
74
79
82
92
89
70
89
79
89
72
74
75
88
63
85
82
73
85
80
67
89
88
87
89
86
83
91
78
53
82
76
68
65
80
49
76
56
74
87
86
89
66
85
89
72
68
89
78
89
82
88
82
85
78
79
78
62
89
69
82
64
60
74
65
59
64
83
62
78
83
94
68
82
87
75
88
59
74
69
77
77
70
87
75
87
79
88
76
77
73
66
79
76
69
80
85
80
67
82
81
79
70
93
86
85
71
81
95
87
79
84
83
79
84
90
84
87
92
57
80
91
79
82
90
63
81
